0.6967E-01  0.2574E+04  0.8811  0.2574E+04  0.8811  0.2574E+04  0.8811  0.2574E+04  0.8811  0.2574E+04  0.8811  0.2574E+04  0.8811  0.2574E+04  0.8811
0.1293E+00  0.3298E+02  0.1043  0.3298E+02  0.1043  0.3298E+02  0.1043  0.3298E+02  0.1043  0.3298E+02  0.1043  0.3298E+02  0.1043  0.3298E+02  0.1043
0.1890E+00  0.1483E+02  0.1917  0.1483E+02  0.1917  0.1483E+02  0.1917  0.1483E+02  0.1917  0.1483E+02  0.1917  0.1483E+02  0.1917  0.1483E+02  0.1917
0.2487E+00  0.1225E+02  0.3285  0.1225E+02  0.3285  0.1225E+02  0.3285  0.1225E+02  0.3285  0.1225E+02  0.3285  0.1225E+02  0.3285  0.1225E+02  0.3285
0.3083E+00  0.1158E+02  0.5172  0.1158E+02  0.5172  0.1158E+02  0.5172  0.1158E+02  0.5172  0.1158E+02  0.5172  0.1158E+02  0.5172  0.1158E+02  0.5172
0.3680E+00  0.1144E+02  0.6873  0.1144E+02  0.6873  0.1144E+02  0.6873  0.1144E+02  0.6873  0.1144E+02  0.6873  0.1144E+02  0.6873  0.1144E+02  0.6873
0.4277E+00  0.1137E+02  0.8336  0.1137E+02  0.8334  0.1137E+02  0.8329  0.1137E+02  0.8323  0.1137E+02  0.8321  0.1137E+02  0.8320  0.1137E+02  0.8320
0.4873E+00  0.1130E+02  0.9461  0.1130E+02  0.9551  0.1129E+02  0.9638  0.1129E+02  0.9719  0.1127E+02  0.9801  0.1127E+02  0.9884  0.1126E+02  0.9970
0.5470E+00  0.1125E+02  1.0045  0.1121E+02  1.0401  0.1119E+02  1.0803  0.1117E+02  1.1252  0.1116E+02  1.1745  0.1115E+02  1.2280  0.1116E+02  1.2858
0.6067E+00  0.1117E+02  1.0481  0.1112E+02  1.1099  0.1108E+02  1.1825  0.1106E+02  1.2656  0.1106E+02  1.3583  0.1107E+02  1.4597  0.1110E+02  1.5686
0.6663E+00  0.1108E+02  1.0809  0.1100E+02  1.1674  0.1096E+02  1.2718  0.1094E+02  1.3925  0.1094E+02  1.5269  0.1098E+02  1.6716  0.1103E+02  1.8227
0.7260E+00  0.1099E+02  1.1058  0.1089E+02  1.2151  0.1083E+02  1.3490  0.1081E+02  1.5036  0.1083E+02  1.6731  0.1086E+02  1.8503  0.1092E+02  2.0278
0.7857E+00  0.1089E+02  1.1249  0.1077E+02  1.2548  0.1070E+02  1.4153  0.1067E+02  1.5988  0.1069E+02  1.7949  0.1073E+02  1.9923  0.1077E+02  2.1807
0.8453E+00  0.1080E+02  1.1395  0.1065E+02  1.2880  0.1056E+02  1.4718  0.1053E+02  1.6786  0.1054E+02  1.8929  0.1058E+02  2.0995  0.1061E+02  2.2865
0.9050E+00  0.1071E+02  1.1506  0.1052E+02  1.3157  0.1042E+02  1.5196  0.1039E+02  1.7444  0.1039E+02  1.9692  0.1040E+02  2.1761  0.1042E+02  2.3537
0.9647E+00  0.1061E+02  1.1590  0.1040E+02  1.3389  0.1029E+02  1.5598  0.1024E+02  1.7975  0.1023E+02  2.0265  0.1023E+02  2.2276  0.1024E+02  2.3914
0.1024E+01  0.1052E+02  1.1652  0.1028E+02  1.3583  0.1015E+02  1.5932  0.1009E+02  1.8395  0.1007E+02  2.0679  0.1006E+02  2.2591  0.1005E+02  2.4073
0.1084E+01  0.1043E+02  1.1697  0.1017E+02  1.3744  0.1002E+02  1.6207  0.9946E+01  1.8720  0.9916E+01  2.0959  0.9890E+01  2.2751  0.9874E+01  2.4078
0.1144E+01  0.1034E+02  1.1727  0.1005E+02  1.3877  0.9889E+01  1.6431  0.9808E+01  1.8963  0.9761E+01  2.1133  0.9727E+01  2.2795  0.9717E+01  2.3811
0.1203E+01  0.1025E+02  1.1746  0.9943E+01  1.3986  0.9765E+01  1.6611  0.9669E+01  1.9138  0.9608E+01  2.1221  0.9568E+01  2.2752  0.9522E+01  2.3503
0.1263E+01  0.1017E+02  1.1755  0.9833E+01  1.4074  0.9642E+01  1.6751  0.9531E+01  1.9254  0.9462E+01  2.1240  0.9434E+01  2.2559  0.9357E+01  2.3246
0.1323E+01  0.1009E+02  1.1756  0.9732E+01  1.4145  0.9522E+01  1.6859  0.9404E+01  1.9322  0.9327E+01  2.1207  0.9275E+01  2.2325  0.9212E+01  2.2990
0.1382E+01  0.1001E+02  1.1751  0.9627E+01  1.4199  0.9410E+01  1.6937  0.9276E+01  1.9350  0.9197E+01  2.1133  0.9135E+01  2.2116  0.9089E+01  2.2732
0.1442E+01  0.9941E+01  1.1740  0.9531E+01  1.4241  0.9298E+01  1.6991  0.9158E+01  1.9344  0.9083E+01  2.0993  0.9007E+01  2.1906  0.8973E+01  2.2476
0.1502E+01  0.9869E+01  1.1725  0.9436E+01  1.4271  0.9187E+01  1.7023  0.9044E+01  1.9312  0.8956E+01  2.0826  0.8888E+01  2.1692  0.8874E+01  2.2226
0.1561E+01  0.9799E+01  1.1705  0.9341E+01  1.4290  0.9087E+01  1.7036  0.8932E+01  1.9258  0.8844E+01  2.0666  0.8784E+01  2.1476  0.8786E+01  2.1985
0.1621E+01  0.9728E+01  1.1683  0.9253E+01  1.4300  0.8987E+01  1.7034  0.8829E+01  1.9186  0.8734E+01  2.0501  0.8687E+01  2.1262  0.8707E+01  2.1754
0.1681E+01  0.9664E+01  1.1658  0.9171E+01  1.4303  0.8886E+01  1.7018  0.8728E+01  1.9099  0.8632E+01  2.0333  0.8601E+01  2.1051  0.8637E+01  2.1537
0.1740E+01  0.9599E+01  1.1631  0.9083E+01  1.4298  0.8796E+01  1.6990  0.8639E+01  1.8995  0.8542E+01  2.0162  0.8522E+01  2.0846  0.8577E+01  2.1333
0.1800E+01  0.7453E+01  1.0421  0.7947E+01  1.3953  0.8376E+01  1.6761  0.8658E+01  1.9023  0.8799E+01  2.0602  0.8846E+01  2.1607  0.8866E+01  2.2203
