0.6967E-01  0.2574E+04  0.8811  0.2574E+04  0.8811  0.2574E+04  0.8811  0.2574E+04  0.8811  0.2574E+04  0.8811  0.2574E+04  0.8811  0.2574E+04  0.8811
0.1293E+00  0.3298E+02  0.1043  0.3298E+02  0.1043  0.3298E+02  0.1043  0.3298E+02  0.1043  0.3298E+02  0.1043  0.3298E+02  0.1043  0.3298E+02  0.1043
0.1890E+00  0.1483E+02  0.1917  0.1483E+02  0.1917  0.1483E+02  0.1917  0.1483E+02  0.1917  0.1483E+02  0.1917  0.1483E+02  0.1917  0.1483E+02  0.1917
0.2487E+00  0.1225E+02  0.3285  0.1225E+02  0.3285  0.1225E+02  0.3285  0.1225E+02  0.3285  0.1225E+02  0.3285  0.1225E+02  0.3285  0.1225E+02  0.3285
0.3083E+00  0.1158E+02  0.5162  0.1158E+02  0.5162  0.1158E+02  0.5162  0.1158E+02  0.5162  0.1158E+02  0.5162  0.1158E+02  0.5162  0.1158E+02  0.5162
0.3680E+00  0.1147E+02  0.8028  0.1147E+02  0.8028  0.1147E+02  0.8028  0.1147E+02  0.8028  0.1147E+02  0.8028  0.1147E+02  0.8028  0.1147E+02  0.8028
0.4277E+00  0.1160E+02  1.1523  0.1160E+02  1.1513  0.1160E+02  1.1512  0.1160E+02  1.1531  0.1160E+02  1.1503  0.1160E+02  1.1480  0.1160E+02  1.1468
0.4873E+00  0.1171E+02  1.4242  0.1170E+02  1.4369  0.1170E+02  1.4518  0.1170E+02  1.4689  0.1171E+02  1.4834  0.1171E+02  1.4970  0.1172E+02  1.5109
0.5470E+00  0.1171E+02  1.5151  0.1171E+02  1.5650  0.1171E+02  1.6201  0.1173E+02  1.6782  0.1174E+02  1.7407  0.1175E+02  1.8066  0.1177E+02  1.8748
0.6067E+00  0.1167E+02  1.5774  0.1166E+02  1.6583  0.1166E+02  1.7486  0.1167E+02  1.8459  0.1167E+02  1.9482  0.1170E+02  2.0541  0.1172E+02  2.1616
0.6663E+00  0.1161E+02  1.6205  0.1157E+02  1.7269  0.1156E+02  1.8463  0.1155E+02  1.9741  0.1156E+02  2.1062  0.1157E+02  2.2389  0.1159E+02  2.3683
0.7260E+00  0.1153E+02  1.6501  0.1147E+02  1.7772  0.1143E+02  1.9197  0.1141E+02  2.0700  0.1140E+02  2.2211  0.1140E+02  2.3668  0.1140E+02  2.5023
0.7857E+00  0.1145E+02  1.6701  0.1135E+02  1.8139  0.1129E+02  1.9742  0.1125E+02  2.1397  0.1122E+02  2.3005  0.1120E+02  2.4488  0.1119E+02  2.5796
0.8453E+00  0.1136E+02  1.6831  0.1123E+02  1.8403  0.1114E+02  2.0137  0.1107E+02  2.1884  0.1103E+02  2.3518  0.1099E+02  2.4956  0.1096E+02  2.6159
0.9050E+00  0.1126E+02  1.6910  0.1110E+02  1.8587  0.1099E+02  2.0415  0.1090E+02  2.2206  0.1083E+02  2.3815  0.1078E+02  2.5166  0.1074E+02  2.6242
0.9647E+00  0.1117E+02  1.6950  0.1098E+02  1.8709  0.1083E+02  2.0600  0.1072E+02  2.2397  0.1063E+02  2.3949  0.1057E+02  2.5193  0.1055E+02  2.6047
0.1024E+01  0.1107E+02  1.6960  0.1085E+02  1.8783  0.1068E+02  2.0711  0.1055E+02  2.2488  0.1045E+02  2.3962  0.1038E+02  2.5094  0.1030E+02  2.5521
0.1084E+01  0.1098E+02  1.6948  0.1072E+02  1.8818  0.1053E+02  2.0763  0.1038E+02  2.2501  0.1027E+02  2.3888  0.1022E+02  2.4839  0.1008E+02  2.5159
0.1144E+01  0.1089E+02  1.6919  0.1060E+02  1.8823  0.1038E+02  2.0769  0.1022E+02  2.2455  0.1010E+02  2.3751  0.1002E+02  2.4445  0.9900E+01  2.4820
0.1203E+01  0.1080E+02  1.6876  0.1048E+02  1.8804  0.1024E+02  2.0739  0.1007E+02  2.2364  0.9970E+01  2.3553  0.9841E+01  2.4128  0.9748E+01  2.4488
0.1263E+01  0.1072E+02  1.6822  0.1037E+02  1.8765  0.1011E+02  2.0679  0.9923E+01  2.2239  0.9806E+01  2.3251  0.9690E+01  2.3825  0.9612E+01  2.4164
0.1323E+01  0.1063E+02  1.6761  0.1026E+02  1.8711  0.9980E+01  2.0596  0.9787E+01  2.2089  0.9656E+01  2.2989  0.9555E+01  2.3530  0.9494E+01  2.3853
0.1382E+01  0.1056E+02  1.6693  0.1015E+02  1.8644  0.9859E+01  2.0496  0.9659E+01  2.1922  0.9523E+01  2.2736  0.9433E+01  2.3243  0.9395E+01  2.3560
0.1442E+01  0.1048E+02  1.6621  0.1005E+02  1.8568  0.9739E+01  2.0382  0.9549E+01  2.1736  0.9401E+01  2.2487  0.9327E+01  2.2966  0.9306E+01  2.3285
0.1502E+01  0.1041E+02  1.6545  0.9951E+01  1.8484  0.9629E+01  2.0258  0.9426E+01  2.1524  0.9288E+01  2.2242  0.9231E+01  2.2702  0.9234E+01  2.3032
0.1561E+01  0.1033E+02  1.6467  0.9855E+01  1.8394  0.9520E+01  2.0126  0.9314E+01  2.1321  0.9188E+01  2.2003  0.9144E+01  2.2451  0.9167E+01  2.2800
0.1621E+01  0.1026E+02  1.6387  0.9765E+01  1.8299  0.9421E+01  1.9989  0.9214E+01  2.1122  0.9092E+01  2.1771  0.9068E+01  2.2216  0.9115E+01  2.2589
0.1681E+01  0.1020E+02  1.6306  0.9675E+01  1.8200  0.9321E+01  1.9847  0.9114E+01  2.0924  0.9011E+01  2.1547  0.9003E+01  2.1995  0.9070E+01  2.2398
0.1740E+01  0.1013E+02  1.6223  0.9591E+01  1.8099  0.9230E+01  1.9703  0.9024E+01  2.0730  0.8932E+01  2.1333  0.8946E+01  2.1789  0.9030E+01  2.2226
0.1800E+01  0.8728E+01  1.4317  0.9007E+01  1.7330  0.9202E+01  1.9655  0.9284E+01  2.1263  0.9283E+01  2.2226  0.9257E+01  2.2778  0.9251E+01  2.3094
