0.6967E-01  0.1078E+02  0.5192  0.9610E+01  0.7981  0.9502E+01  1.1634  0.9567E+01  1.5361  0.9686E+01  1.8837  0.9767E+01  2.1523  0.9837E+01  2.3550
0.1293E+00  0.1167E+02  0.7027  0.9258E+01  0.6745  0.9250E+01  0.9737  0.9462E+01  1.3347  0.9681E+01  1.6940  0.9854E+01  2.0060  0.9977E+01  2.2545
0.1890E+00  0.1227E+02  0.8774  0.8988E+01  0.5993  0.8827E+01  0.7788  0.9144E+01  1.0812  0.9482E+01  1.4194  0.9786E+01  1.7604  0.1001E+02  2.0546
0.2487E+00  0.1257E+02  1.0173  0.9029E+01  0.6090  0.8338E+01  0.6214  0.8559E+01  0.8073  0.8973E+01  1.0738  0.9402E+01  1.3841  0.9769E+01  1.6977
0.3083E+00  0.1267E+02  1.1180  0.9303E+01  0.6867  0.8147E+01  0.5700  0.7916E+01  0.6026  0.8151E+01  0.7343  0.8578E+01  0.9387  0.9026E+01  1.1820
0.3680E+00  0.1265E+02  1.1892  0.9624E+01  0.7979  0.8401E+01  0.6386  0.7783E+01  0.5678  0.7536E+01  0.5582  0.7557E+01  0.5985  0.7778E+01  0.6880
0.4277E+00  0.1257E+02  1.2390  0.9872E+01  0.9120  0.8812E+01  0.7715  0.8216E+01  0.6896  0.7834E+01  0.6369  0.7570E+01  0.6023  0.7389E+01  0.5793
0.4873E+00  0.1247E+02  1.2750  0.1001E+02  1.0075  0.9164E+01  0.9206  0.8743E+01  0.8794  0.8510E+01  0.8628  0.8366E+01  0.8543  0.8288E+01  0.8574
0.5470E+00  0.1233E+02  1.2968  0.1007E+02  1.0874  0.9378E+01  1.0490  0.9115E+01  1.0630  0.9018E+01  1.0959  0.9025E+01  1.1482  0.9073E+01  1.2056
0.6067E+00  0.1219E+02  1.3127  0.1008E+02  1.1525  0.9508E+01  1.1613  0.9351E+01  1.2239  0.9360E+01  1.3114  0.9446E+01  1.4133  0.9579E+01  1.5270
0.6663E+00  0.1204E+02  1.3214  0.1006E+02  1.2077  0.9572E+01  1.2574  0.9487E+01  1.3625  0.9557E+01  1.4946  0.9698E+01  1.6424  0.9871E+01  1.8004
0.7260E+00  0.1190E+02  1.3276  0.1001E+02  1.2521  0.9597E+01  1.3416  0.9563E+01  1.4852  0.9665E+01  1.6518  0.9828E+01  1.8339  0.9999E+01  2.0123
0.7857E+00  0.1177E+02  1.3315  0.9943E+01  1.2880  0.9577E+01  1.4091  0.9577E+01  1.5842  0.9700E+01  1.7804  0.9867E+01  1.9830  0.1002E+02  2.1721
0.8453E+00  0.1164E+02  1.3318  0.9869E+01  1.3186  0.9541E+01  1.4684  0.9559E+01  1.6683  0.9687E+01  1.8845  0.9831E+01  2.0901  0.9969E+01  2.2794
0.9050E+00  0.1151E+02  1.3317  0.9793E+01  1.3457  0.9490E+01  1.5193  0.9511E+01  1.7365  0.9629E+01  1.9613  0.9758E+01  2.1687  0.9865E+01  2.3450
0.9647E+00  0.1139E+02  1.3298  0.9708E+01  1.3668  0.9424E+01  1.5609  0.9452E+01  1.7941  0.9554E+01  2.0221  0.9658E+01  2.2224  0.9735E+01  2.3822
0.1024E+01  0.1127E+02  1.3265  0.9620E+01  1.3842  0.9345E+01  1.5935  0.9368E+01  1.8354  0.9455E+01  2.0633  0.9533E+01  2.2513  0.9595E+01  2.3984
0.1084E+01  0.1116E+02  1.3235  0.9529E+01  1.3979  0.9266E+01  1.6228  0.9280E+01  1.8698  0.9348E+01  2.0917  0.9404E+01  2.2671  0.9450E+01  2.3988
0.1144E+01  0.1105E+02  1.3191  0.9442E+01  1.4100  0.9181E+01  1.6455  0.9183E+01  1.8941  0.9232E+01  2.1078  0.9278E+01  2.2736  0.9305E+01  2.3708
0.1203E+01  0.1095E+02  1.3145  0.9358E+01  1.4206  0.9090E+01  1.6624  0.9084E+01  1.9116  0.9115E+01  2.1163  0.9141E+01  2.2666  0.9127E+01  2.3395
0.1263E+01  0.1085E+02  1.3096  0.9269E+01  1.4276  0.9006E+01  1.6779  0.8981E+01  1.9229  0.8997E+01  2.1176  0.9023E+01  2.2470  0.8978E+01  2.3135
0.1323E+01  0.1075E+02  1.3045  0.9182E+01  1.4333  0.8915E+01  1.6881  0.8882E+01  1.9302  0.8883E+01  2.1142  0.8879E+01  2.2244  0.8848E+01  2.2891
0.1382E+01  0.1066E+02  1.2991  0.9103E+01  1.4389  0.8824E+01  1.6950  0.8780E+01  1.9325  0.8772E+01  2.1075  0.8748E+01  2.2019  0.8727E+01  2.2618
0.1442E+01  0.1057E+02  1.2935  0.9018E+01  1.4414  0.8738E+01  1.7009  0.8681E+01  1.9317  0.8670E+01  2.0916  0.8633E+01  2.1816  0.8621E+01  2.2362
0.1502E+01  0.1048E+02  1.2877  0.8939E+01  1.4442  0.8652E+01  1.7039  0.8585E+01  1.9283  0.8556E+01  2.0747  0.8523E+01  2.1590  0.8527E+01  2.2123
0.1561E+01  0.1040E+02  1.2822  0.8861E+01  1.4454  0.8564E+01  1.7042  0.8490E+01  1.9226  0.8455E+01  2.0599  0.8426E+01  2.1379  0.8442E+01  2.1883
0.1621E+01  0.1032E+02  1.2757  0.8783E+01  1.4454  0.8481E+01  1.7037  0.8398E+01  1.9149  0.8357E+01  2.0432  0.8337E+01  2.1173  0.8363E+01  2.1644
0.1681E+01  0.1025E+02  1.2706  0.8710E+01  1.4452  0.8402E+01  1.7022  0.8308E+01  1.9053  0.8261E+01  2.0250  0.8251E+01  2.0952  0.8296E+01  2.1431
0.1740E+01  0.1017E+02  1.2650  0.8636E+01  1.4440  0.8322E+01  1.6989  0.8233E+01  1.8940  0.8176E+01  2.0082  0.8176E+01  2.0753  0.8236E+01  2.1235
0.1800E+01  0.7811E+01  1.0785  0.7635E+01  1.4018  0.7973E+01  1.6763  0.8259E+01  1.8983  0.8418E+01  2.0536  0.8489E+01  2.1523  0.8519E+01  2.2100
