0.6967E-01  0.2574E+04  0.8811  0.2574E+04  0.8811  0.2574E+04  0.8811  0.2574E+04  0.8811  0.2574E+04  0.8811  0.2574E+04  0.8811  0.2574E+04  0.8811
0.1293E+00  0.3298E+02  0.1043  0.3298E+02  0.1043  0.3298E+02  0.1043  0.3298E+02  0.1043  0.3298E+02  0.1043  0.3298E+02  0.1043  0.3298E+02  0.1043
0.1890E+00  0.1483E+02  0.1917  0.1483E+02  0.1917  0.1483E+02  0.1917  0.1483E+02  0.1917  0.1483E+02  0.1917  0.1483E+02  0.1917  0.1483E+02  0.1917
0.2487E+00  0.1225E+02  0.3285  0.1225E+02  0.3285  0.1225E+02  0.3285  0.1225E+02  0.3285  0.1225E+02  0.3285  0.1225E+02  0.3285  0.1225E+02  0.3285
0.3083E+00  0.1158E+02  0.5161  0.1158E+02  0.5161  0.1158E+02  0.5161  0.1158E+02  0.5161  0.1158E+02  0.5161  0.1158E+02  0.5161  0.1158E+02  0.5161
0.3680E+00  0.1150E+02  0.8487  0.1150E+02  0.8487  0.1150E+02  0.8487  0.1150E+02  0.8487  0.1150E+02  0.8487  0.1150E+02  0.8487  0.1150E+02  0.8487
0.4277E+00  0.1173E+02  1.2854  0.1173E+02  1.2842  0.1173E+02  1.2838  0.1173E+02  1.2850  0.1173E+02  1.2866  0.1173E+02  1.2815  0.1173E+02  1.2791
0.4873E+00  0.1191E+02  1.6200  0.1190E+02  1.6327  0.1190E+02  1.6485  0.1191E+02  1.6661  0.1191E+02  1.6850  0.1192E+02  1.6994  0.1192E+02  1.7143
0.5470E+00  0.1192E+02  1.7175  0.1192E+02  1.7690  0.1192E+02  1.8259  0.1194E+02  1.8859  0.1195E+02  1.9479  0.1197E+02  2.0141  0.1198E+02  2.0818
0.6067E+00  0.1188E+02  1.7821  0.1187E+02  1.8639  0.1187E+02  1.9543  0.1187E+02  2.0501  0.1189E+02  2.1491  0.1189E+02  2.2500  0.1191E+02  2.3508
0.6663E+00  0.1182E+02  1.8248  0.1179E+02  1.9303  0.1177E+02  2.0466  0.1175E+02  2.1685  0.1174E+02  2.2917  0.1175E+02  2.4131  0.1175E+02  2.5293
0.7260E+00  0.1175E+02  1.8527  0.1168E+02  1.9763  0.1163E+02  2.1118  0.1159E+02  2.2511  0.1157E+02  2.3877  0.1155E+02  2.5167  0.1154E+02  2.6342
0.7857E+00  0.1165E+02  1.8701  0.1155E+02  2.0075  0.1148E+02  2.1566  0.1142E+02  2.3064  0.1137E+02  2.4479  0.1133E+02  2.5755  0.1130E+02  2.6859
0.8453E+00  0.1156E+02  1.8800  0.1143E+02  2.0278  0.1132E+02  2.1860  0.1123E+02  2.3407  0.1116E+02  2.4812  0.1111E+02  2.6021  0.1106E+02  2.7015
0.9050E+00  0.1146E+02  1.8846  0.1129E+02  2.0398  0.1116E+02  2.2037  0.1105E+02  2.3592  0.1096E+02  2.4949  0.1089E+02  2.6064  0.1083E+02  2.6937
0.9647E+00  0.1137E+02  1.8851  0.1116E+02  2.0457  0.1099E+02  2.2125  0.1086E+02  2.3658  0.1076E+02  2.4945  0.1068E+02  2.5956  0.1064E+02  2.6547
0.1024E+01  0.1127E+02  1.8827  0.1103E+02  2.0469  0.1084E+02  2.2144  0.1069E+02  2.3637  0.1056E+02  2.4841  0.1051E+02  2.5695  0.1038E+02  2.6005
0.1084E+01  0.1118E+02  1.8781  0.1090E+02  2.0444  0.1068E+02  2.2110  0.1051E+02  2.3550  0.1038E+02  2.4669  0.1029E+02  2.5229  0.1018E+02  2.5594
0.1144E+01  0.1108E+02  1.8718  0.1078E+02  2.0391  0.1053E+02  2.2037  0.1035E+02  2.3416  0.1024E+02  2.4435  0.1010E+02  2.4870  0.1001E+02  2.5213
0.1203E+01  0.1099E+02  1.8643  0.1066E+02  2.0317  0.1039E+02  2.1934  0.1019E+02  2.3249  0.1006E+02  2.4081  0.9936E+01  2.4532  0.9861E+01  2.4851
0.1263E+01  0.1091E+02  1.8559  0.1054E+02  2.0227  0.1025E+02  2.1809  0.1005E+02  2.3057  0.9907E+01  2.3779  0.9793E+01  2.4206  0.9735E+01  2.4510
0.1323E+01  0.1083E+02  1.8467  0.1043E+02  2.0124  0.1012E+02  2.1666  0.9932E+01  2.2855  0.9765E+01  2.3490  0.9666E+01  2.3893  0.9630E+01  2.4192
0.1382E+01  0.1074E+02  1.8371  0.1032E+02  2.0012  0.1000E+02  2.1511  0.9799E+01  2.2598  0.9638E+01  2.3210  0.9553E+01  2.3594  0.9537E+01  2.3898
0.1442E+01  0.1067E+02  1.8272  0.1021E+02  1.9893  0.9883E+01  2.1348  0.9673E+01  2.2358  0.9524E+01  2.2938  0.9456E+01  2.3310  0.9460E+01  2.3628
0.1502E+01  0.1059E+02  1.8170  0.1012E+02  1.9768  0.9774E+01  2.1180  0.9558E+01  2.2125  0.9421E+01  2.2676  0.9369E+01  2.3044  0.9394E+01  2.3384
0.1561E+01  0.1052E+02  1.8067  0.1002E+02  1.9641  0.9669E+01  2.1008  0.9450E+01  2.1898  0.9326E+01  2.2424  0.9291E+01  2.2796  0.9339E+01  2.3163
0.1621E+01  0.1045E+02  1.7963  0.9929E+01  1.9511  0.9569E+01  2.0834  0.9351E+01  2.1676  0.9240E+01  2.2183  0.9226E+01  2.2566  0.9292E+01  2.2966
0.1681E+01  0.1039E+02  1.7859  0.9841E+01  1.9379  0.9478E+01  2.0661  0.9261E+01  2.1459  0.9163E+01  2.1954  0.9166E+01  2.2353  0.9254E+01  2.2791
0.1740E+01  0.1032E+02  1.7756  0.9759E+01  1.9248  0.9385E+01  2.0486  0.9175E+01  2.1250  0.9094E+01  2.1737  0.9117E+01  2.2157  0.9223E+01  2.2635
0.1800E+01  0.9162E+01  1.5809  0.9353E+01  1.8572  0.9466E+01  2.0636  0.9486E+01  2.1974  0.9447E+01  2.2743  0.9406E+01  2.3164  0.9414E+01  2.3463
