0.6967E-01  0.1504E+02  1.2317  0.1197E+02  1.4758  0.1111E+02  1.8205  0.1070E+02  2.1240  0.1046E+02  2.3472  0.1032E+02  2.5041  0.1024E+02  2.6141
0.1293E+00  0.1588E+02  1.5591  0.1168E+02  1.2929  0.1106E+02  1.6268  0.1080E+02  1.9631  0.1066E+02  2.2435  0.1057E+02  2.4555  0.1049E+02  2.5972
0.1890E+00  0.1630E+02  1.8254  0.1145E+02  1.1811  0.1078E+02  1.3862  0.1071E+02  1.7169  0.1072E+02  2.0387  0.1073E+02  2.3132  0.1072E+02  2.5115
0.2487E+00  0.1638E+02  2.0056  0.1148E+02  1.1929  0.1035E+02  1.1601  0.1032E+02  1.3975  0.1049E+02  1.7053  0.1066E+02  2.0100  0.1078E+02  2.2780
0.3083E+00  0.1628E+02  2.1188  0.1171E+02  1.3103  0.1018E+02  1.0828  0.9752E+01  1.1089  0.9851E+01  1.2861  0.1012E+02  1.5345  0.1041E+02  1.8116
0.3680E+00  0.1608E+02  2.1831  0.1197E+02  1.4708  0.1041E+02  1.1844  0.9620E+01  1.0536  0.9279E+01  1.0302  0.9227E+01  1.0821  0.9386E+01  1.2044
0.4277E+00  0.1583E+02  2.2138  0.1210E+02  1.6132  0.1076E+02  1.3723  0.1003E+02  1.2376  0.9564E+01  1.1488  0.9240E+01  1.0876  0.9009E+01  1.0455
0.4873E+00  0.1558E+02  2.2267  0.1213E+02  1.7263  0.1101E+02  1.5629  0.1046E+02  1.4864  0.1015E+02  1.4520  0.9951E+01  1.4312  0.9830E+01  1.4258
0.5470E+00  0.1533E+02  2.2284  0.1208E+02  1.8078  0.1111E+02  1.7089  0.1070E+02  1.6995  0.1052E+02  1.7288  0.1044E+02  1.7714  0.1043E+02  1.8301
0.6067E+00  0.1508E+02  2.2187  0.1198E+02  1.8652  0.1112E+02  1.8244  0.1080E+02  1.8632  0.1069E+02  1.9424  0.1067E+02  2.0341  0.1072E+02  2.1384
0.6663E+00  0.1486E+02  2.2068  0.1186E+02  1.9049  0.1107E+02  1.9098  0.1080E+02  1.9885  0.1073E+02  2.1019  0.1074E+02  2.2278  0.1080E+02  2.3541
0.7260E+00  0.1464E+02  2.1912  0.1173E+02  1.9354  0.1098E+02  1.9720  0.1075E+02  2.0852  0.1068E+02  2.2171  0.1070E+02  2.3569  0.1075E+02  2.4915
0.7857E+00  0.1443E+02  2.1720  0.1158E+02  1.9524  0.1088E+02  2.0203  0.1065E+02  2.1518  0.1059E+02  2.2967  0.1059E+02  2.4395  0.1062E+02  2.5692
0.8453E+00  0.1424E+02  2.1540  0.1144E+02  1.9653  0.1075E+02  2.0523  0.1053E+02  2.1995  0.1046E+02  2.3487  0.1045E+02  2.4866  0.1046E+02  2.6038
0.9050E+00  0.1406E+02  2.1337  0.1129E+02  1.9719  0.1062E+02  2.0769  0.1039E+02  2.2266  0.1032E+02  2.3791  0.1029E+02  2.5076  0.1028E+02  2.6113
0.9647E+00  0.1389E+02  2.1138  0.1115E+02  1.9750  0.1048E+02  2.0898  0.1026E+02  2.2468  0.1016E+02  2.3904  0.1012E+02  2.5089  0.1011E+02  2.5918
0.1024E+01  0.1373E+02  2.0953  0.1101E+02  1.9738  0.1035E+02  2.0988  0.1011E+02  2.2543  0.1000E+02  2.3901  0.9955E+01  2.5015  0.9877E+01  2.5405
0.1084E+01  0.1358E+02  2.0762  0.1087E+02  1.9689  0.1021E+02  2.1005  0.9967E+01  2.2529  0.9854E+01  2.3842  0.9812E+01  2.4747  0.9679E+01  2.5031
0.1144E+01  0.1344E+02  2.0563  0.1074E+02  1.9630  0.1008E+02  2.0977  0.9825E+01  2.2470  0.9706E+01  2.3703  0.9618E+01  2.4343  0.9510E+01  2.4679
0.1203E+01  0.1330E+02  2.0376  0.1061E+02  1.9557  0.9947E+01  2.0920  0.9687E+01  2.2366  0.9582E+01  2.3495  0.9456E+01  2.4024  0.9367E+01  2.4359
0.1263E+01  0.1318E+02  2.0194  0.1049E+02  1.9472  0.9823E+01  2.0846  0.9559E+01  2.2247  0.9427E+01  2.3184  0.9311E+01  2.3709  0.9240E+01  2.4039
0.1323E+01  0.1306E+02  2.0017  0.1038E+02  1.9375  0.9702E+01  2.0744  0.9433E+01  2.2090  0.9289E+01  2.2923  0.9186E+01  2.3427  0.9127E+01  2.3727
0.1382E+01  0.1294E+02  1.9845  0.1027E+02  1.9283  0.9587E+01  2.0631  0.9315E+01  2.1921  0.9163E+01  2.2666  0.9070E+01  2.3135  0.9025E+01  2.3422
0.1442E+01  0.1284E+02  1.9676  0.1016E+02  1.9163  0.9477E+01  2.0513  0.9209E+01  2.1714  0.9048E+01  2.2414  0.8965E+01  2.2851  0.8942E+01  2.3161
0.1502E+01  0.1274E+02  1.9521  0.1005E+02  1.9049  0.9368E+01  2.0368  0.9095E+01  2.1496  0.8942E+01  2.2168  0.8875E+01  2.2599  0.8866E+01  2.2903
0.1561E+01  0.1264E+02  1.9355  0.9958E+01  1.8941  0.9270E+01  2.0236  0.8992E+01  2.1299  0.8844E+01  2.1927  0.8790E+01  2.2340  0.8801E+01  2.2669
0.1621E+01  0.1254E+02  1.9201  0.9863E+01  1.8821  0.9170E+01  2.0082  0.8895E+01  2.1098  0.8755E+01  2.1694  0.8717E+01  2.2112  0.8747E+01  2.2468
0.1681E+01  0.1246E+02  1.9059  0.9769E+01  1.8692  0.9080E+01  1.9941  0.8803E+01  2.0898  0.8672E+01  2.1468  0.8651E+01  2.1892  0.8699E+01  2.2274
0.1740E+01  0.1237E+02  1.8906  0.9681E+01  1.8570  0.8993E+01  1.9794  0.8716E+01  2.0700  0.8596E+01  2.1248  0.8592E+01  2.1683  0.8660E+01  2.2111
0.1800E+01  0.1060E+02  1.5957  0.9102E+01  1.7711  0.4537E+03  0.0000  0.8969E+01  2.1252  0.8935E+01  2.2145  0.8900E+01  2.2666  0.8883E+01  2.2962
