0.6967E-01  0.1338E+02  0.9171  0.1114E+02  1.2117  0.1059E+02  1.5881  0.1035E+02  1.9317  0.1023E+02  2.2063  0.1016E+02  2.4000  0.1012E+02  2.5399
0.1293E+00  0.1429E+02  1.1984  0.1081E+02  1.0452  0.1047E+02  1.3932  0.1037E+02  1.7455  0.1036E+02  2.0692  0.1036E+02  2.3204  0.1035E+02  2.5011
0.1890E+00  0.1478E+02  1.4328  0.1058E+02  0.9506  0.1012E+02  1.1584  0.1019E+02  1.4882  0.1033E+02  1.8296  0.1044E+02  2.1316  0.1051E+02  2.3756
0.2487E+00  0.1498E+02  1.6102  0.1061E+02  0.9630  0.9658E+01  0.9513  0.9730E+01  1.1782  0.9997E+01  1.4795  0.1027E+02  1.8014  0.1048E+02  2.0959
0.3083E+00  0.1495E+02  1.7224  0.1088E+02  1.0689  0.9477E+01  0.8844  0.9130E+01  0.9169  0.9284E+01  1.0807  0.9610E+01  1.3160  0.9963E+01  1.5892
0.3680E+00  0.1484E+02  1.7972  0.1115E+02  1.2099  0.9712E+01  0.9715  0.8995E+01  0.8679  0.8687E+01  0.8492  0.8670E+01  0.9011  0.8851E+01  1.0116
0.4277E+00  0.1466E+02  1.8408  0.1133E+02  1.3457  0.1010E+02  1.1480  0.9424E+01  1.0322  0.8982E+01  0.9553  0.8669E+01  0.9002  0.8464E+01  0.8684
0.4873E+00  0.1446E+02  1.8664  0.1141E+02  1.4605  0.1039E+02  1.3232  0.9888E+01  1.2631  0.9612E+01  1.2373  0.9435E+01  1.2234  0.9325E+01  1.2185
0.5470E+00  0.1425E+02  1.8763  0.1140E+02  1.5428  0.1053E+02  1.4703  0.1019E+02  1.4748  0.1004E+02  1.5069  0.9992E+01  1.5560  0.1001E+02  1.6168
0.6067E+00  0.1404E+02  1.8808  0.1134E+02  1.6068  0.1060E+02  1.5903  0.1034E+02  1.6438  0.1026E+02  1.7239  0.1029E+02  1.8270  0.1037E+02  1.9376
0.6663E+00  0.1385E+02  1.8784  0.1125E+02  1.6552  0.1059E+02  1.6837  0.1038E+02  1.7762  0.1037E+02  1.9025  0.1043E+02  2.0398  0.1052E+02  2.1787
0.7260E+00  0.1366E+02  1.8721  0.1115E+02  1.6941  0.1054E+02  1.7564  0.1037E+02  1.8839  0.1037E+02  2.0356  0.1044E+02  2.1946  0.1052E+02  2.3424
0.7857E+00  0.1347E+02  1.8617  0.1104E+02  1.7226  0.1046E+02  1.8130  0.1031E+02  1.9655  0.1032E+02  2.1348  0.1037E+02  2.2983  0.1044E+02  2.4505
0.8453E+00  0.1330E+02  1.8513  0.1092E+02  1.7424  0.1036E+02  1.8583  0.1023E+02  2.0303  0.1023E+02  2.2062  0.1026E+02  2.3671  0.1031E+02  2.5069
0.9050E+00  0.1314E+02  1.8406  0.1080E+02  1.7577  0.1026E+02  1.8934  0.1012E+02  2.0719  0.1011E+02  2.2524  0.1013E+02  2.4088  0.1015E+02  2.5357
0.9647E+00  0.1298E+02  1.8272  0.1067E+02  1.7666  0.1014E+02  1.9171  0.1000E+02  2.1038  0.9975E+01  2.2785  0.9976E+01  2.4239  0.9987E+01  2.5399
0.1024E+01  0.1284E+02  1.8147  0.1055E+02  1.7744  0.1002E+02  1.9344  0.9879E+01  2.1245  0.9836E+01  2.2936  0.9819E+01  2.4260  0.9833E+01  2.5154
0.1084E+01  0.1270E+02  1.8015  0.1043E+02  1.7781  0.9908E+01  1.9467  0.9752E+01  2.1360  0.9695E+01  2.2969  0.9667E+01  2.4192  0.9608E+01  2.4681
0.1144E+01  0.1257E+02  1.7886  0.1031E+02  1.7785  0.9787E+01  1.9531  0.9622E+01  2.1399  0.9550E+01  2.2905  0.9531E+01  2.3930  0.9433E+01  2.4371
0.1203E+01  0.1244E+02  1.7751  0.1020E+02  1.7770  0.9675E+01  1.9576  0.9497E+01  2.1391  0.9415E+01  2.2811  0.9358E+01  2.3608  0.9279E+01  2.4057
0.1263E+01  0.1233E+02  1.7629  0.1008E+02  1.7743  0.9557E+01  1.9561  0.9370E+01  2.1320  0.9299E+01  2.2637  0.9207E+01  2.3323  0.9142E+01  2.3741
0.1323E+01  0.1221E+02  1.7498  0.9976E+01  1.7703  0.9447E+01  1.9540  0.9251E+01  2.1241  0.9158E+01  2.2385  0.9075E+01  2.3055  0.9025E+01  2.3455
0.1382E+01  0.1210E+02  1.7365  0.9876E+01  1.7665  0.9337E+01  1.9486  0.9135E+01  2.1127  0.9030E+01  2.2162  0.8955E+01  2.2787  0.8916E+01  2.3153
0.1442E+01  0.1200E+02  1.7246  0.9773E+01  1.7601  0.9233E+01  1.9420  0.9022E+01  2.0984  0.8910E+01  2.1930  0.8845E+01  2.2521  0.8822E+01  2.2879
0.1502E+01  0.1190E+02  1.7116  0.9677E+01  1.7536  0.9130E+01  1.9328  0.8926E+01  2.0835  0.8801E+01  2.1709  0.8744E+01  2.2257  0.8740E+01  2.2625
0.1561E+01  0.1181E+02  1.6996  0.9582E+01  1.7462  0.9031E+01  1.9232  0.8822E+01  2.0664  0.8701E+01  2.1498  0.8656E+01  2.2015  0.8670E+01  2.2394
0.1621E+01  0.1172E+02  1.6876  0.9494E+01  1.7388  0.8936E+01  1.9130  0.8719E+01  2.0479  0.8607E+01  2.1281  0.8575E+01  2.1780  0.8606E+01  2.2167
0.1681E+01  0.1163E+02  1.6765  0.9406E+01  1.7305  0.8846E+01  1.9022  0.8627E+01  2.0310  0.8522E+01  2.1071  0.8503E+01  2.1563  0.8552E+01  2.1970
0.1740E+01  0.1155E+02  1.6651  0.9323E+01  1.7223  0.8760E+01  1.8909  0.8541E+01  2.0145  0.8441E+01  2.0861  0.8438E+01  2.1350  0.8505E+01  2.1788
0.1800E+01  0.9519E+01  1.3933  0.8581E+01  1.6373  0.8627E+01  1.8718  0.8726E+01  2.0496  0.8759E+01  2.1625  0.8755E+01  2.2286  0.8753E+01  2.2664
