0.6967E-01  0.9703E+01  0.3891  0.8915E+01  0.6437  0.8952E+01  0.9765  0.9143E+01  1.3438  0.9372E+01  1.7098  0.9546E+01  2.0121  0.9679E+01  2.2500
0.1293E+00  0.1060E+02  0.5408  0.8539E+01  0.5346  0.8664E+01  0.8029  0.8977E+01  1.1418  0.9301E+01  1.5033  0.9562E+01  1.8347  0.9769E+01  2.1165
0.1890E+00  0.1119E+02  0.6835  0.8268E+01  0.4713  0.8220E+01  0.6326  0.8591E+01  0.8984  0.9027E+01  1.2265  0.9418E+01  1.5685  0.9717E+01  1.8793
0.2487E+00  0.1151E+02  0.7999  0.8319E+01  0.4817  0.7717E+01  0.4953  0.7984E+01  0.6572  0.8451E+01  0.8979  0.8939E+01  1.1895  0.9386E+01  1.5047
0.3083E+00  0.1166E+02  0.8921  0.8592E+01  0.5466  0.7531E+01  0.4527  0.7339E+01  0.4820  0.7601E+01  0.5967  0.8045E+01  0.7754  0.8542E+01  1.0022
0.3680E+00  0.1168E+02  0.9564  0.8915E+01  0.6404  0.7772E+01  0.5079  0.7208E+01  0.4521  0.6991E+01  0.4466  0.7028E+01  0.4821  0.7255E+01  0.5586
0.4277E+00  0.1164E+02  1.0049  0.9177E+01  0.7388  0.8200E+01  0.6251  0.7651E+01  0.5590  0.7281E+01  0.5125  0.7041E+01  0.4854  0.6873E+01  0.4665
0.4873E+00  0.1155E+02  1.0377  0.9335E+01  0.8249  0.8558E+01  0.7524  0.8180E+01  0.7226  0.7969E+01  0.7093  0.7836E+01  0.7025  0.7758E+01  0.7029
0.5470E+00  0.1145E+02  1.0623  0.9416E+01  0.8968  0.8798E+01  0.8696  0.8567E+01  0.8838  0.8501E+01  0.9186  0.8519E+01  0.9662  0.8579E+01  1.0183
0.6067E+00  0.1134E+02  1.0808  0.9452E+01  0.9584  0.8962E+01  0.9759  0.8836E+01  1.0339  0.8877E+01  1.1193  0.8985E+01  1.2156  0.9141E+01  1.3256
0.6663E+00  0.1122E+02  1.0925  0.9455E+01  1.0110  0.9057E+01  1.0683  0.9013E+01  1.1697  0.9125E+01  1.3015  0.9300E+01  1.4482  0.9498E+01  1.6025
0.7260E+00  0.1110E+02  1.1021  0.9427E+01  1.0548  0.9101E+01  1.1477  0.9118E+01  1.2895  0.9272E+01  1.4594  0.9482E+01  1.6461  0.9700E+01  1.8360
0.7857E+00  0.1099E+02  1.1084  0.9389E+01  1.0932  0.9115E+01  1.2187  0.9176E+01  1.3954  0.9355E+01  1.5982  0.9563E+01  1.8062  0.9772E+01  2.0122
0.8453E+00  0.1087E+02  1.1118  0.9339E+01  1.1267  0.9104E+01  1.2802  0.9192E+01  1.4866  0.9379E+01  1.7122  0.9577E+01  1.9342  0.9766E+01  2.1448
0.9050E+00  0.1076E+02  1.1155  0.9278E+01  1.1542  0.9075E+01  1.3340  0.9178E+01  1.5633  0.9358E+01  1.8034  0.9539E+01  2.0302  0.9696E+01  2.2317
0.9647E+00  0.1065E+02  1.1161  0.9214E+01  1.1791  0.9030E+01  1.3800  0.9135E+01  1.6253  0.9311E+01  1.8765  0.9467E+01  2.0998  0.9596E+01  2.2890
0.1024E+01  0.1055E+02  1.1170  0.9145E+01  1.2001  0.8978E+01  1.4202  0.9080E+01  1.6783  0.9240E+01  1.9319  0.9370E+01  2.1470  0.9474E+01  2.3208
0.1084E+01  0.1045E+02  1.1164  0.9072E+01  1.2175  0.8918E+01  1.4550  0.9015E+01  1.7223  0.9153E+01  1.9727  0.9264E+01  2.1788  0.9344E+01  2.3354
0.1144E+01  0.1035E+02  1.1153  0.9002E+01  1.2338  0.8851E+01  1.4839  0.8940E+01  1.7567  0.9052E+01  1.9997  0.9143E+01  2.1930  0.9217E+01  2.3249
0.1203E+01  0.1026E+02  1.1129  0.8926E+01  1.2468  0.8777E+01  1.5071  0.8854E+01  1.7822  0.8950E+01  2.0190  0.9025E+01  2.2001  0.9036E+01  2.2936
0.1263E+01  0.1017E+02  1.1112  0.8852E+01  1.2577  0.8709E+01  1.5290  0.8766E+01  1.8022  0.8847E+01  2.0307  0.8904E+01  2.1977  0.8888E+01  2.2743
0.1323E+01  0.1009E+02  1.1093  0.8778E+01  1.2674  0.8633E+01  1.5457  0.8681E+01  1.8184  0.8743E+01  2.0364  0.8792E+01  2.1803  0.8754E+01  2.2528
0.1382E+01  0.9998E+01  1.1059  0.8706E+01  1.2756  0.8551E+01  1.5577  0.8593E+01  1.8289  0.8637E+01  2.0354  0.8656E+01  2.1595  0.8631E+01  2.2294
0.1442E+01  0.9919E+01  1.1030  0.8633E+01  1.2824  0.8479E+01  1.5700  0.8501E+01  1.8348  0.8536E+01  2.0319  0.8538E+01  2.1425  0.8523E+01  2.2067
0.1502E+01  0.9840E+01  1.0999  0.8561E+01  1.2878  0.8401E+01  1.5781  0.8413E+01  1.8378  0.8443E+01  2.0211  0.8428E+01  2.1237  0.8422E+01  2.1833
0.1561E+01  0.9769E+01  1.0972  0.8494E+01  1.2928  0.8327E+01  1.5847  0.8321E+01  1.8367  0.8339E+01  2.0080  0.8328E+01  2.1051  0.8333E+01  2.1611
0.1621E+01  0.9692E+01  1.0932  0.8426E+01  1.2969  0.8251E+01  1.5891  0.8237E+01  1.8350  0.8238E+01  1.9943  0.8234E+01  2.0857  0.8250E+01  2.1380
0.1681E+01  0.9627E+01  1.0903  0.8357E+01  1.2993  0.8174E+01  1.5910  0.8154E+01  1.8317  0.8146E+01  1.9805  0.8145E+01  2.0652  0.8178E+01  2.1174
0.1740E+01  0.9556E+01  1.0863  0.8293E+01  1.3019  0.8105E+01  1.5935  0.8074E+01  1.8263  0.8061E+01  1.9666  0.8064E+01  2.0458  0.8111E+01  2.0966
0.1800E+01  0.7115E+01  0.9502  0.7210E+01  1.2981  0.7652E+01  1.5831  0.8014E+01  1.8204  0.8245E+01  1.9952  0.8356E+01  2.1099  0.8400E+01  2.1777
